####### AxB_1 #######
Matriz A
3.47 3.91 9.30 0.93 8.77 8.64 1.59 4.38 -6.21 2.70 
4.51 1.41 -4.02 2.71 5.99 -2.61 0.78 3.17 2.51 5.95 
2.79 -1.47 9.51 -4.81 4.80 3.01 -4.11 5.60 5.12 4.47 
4.18 9.28 6.62 -7.54 -6.28 0.04 8.64 -5.66 4.67 -1.63 
8.95 7.47 -0.14 4.99 8.86 4.28 5.17 -8.84 9.60 7.38 
3.15 9.11 -9.68 5.73 6.03 -7.95 5.02 5.66 4.97 9.48 
-0.49 -9.98 6.07 8.29 9.37 5.02 -7.39 1.79 5.84 8.81 
7.27 -9.79 -2.22 1.21 -6.43 5.22 3.01 4.50 -2.56 5.63 
-1.02 8.08 -9.56 5.49 6.37 -1.96 -6.71 4.70 -7.99 -8.07 
-9.79 -2.70 -6.26 7.75 1.87 -3.01 5.77 -5.46 -9.49 -0.73 

Matriz B
-9.64 -9.16 -0.26 4.51 -5.09 1.42 -3.36 4.64 9.98 -5.65 
1.49 4.90 3.86 -7.04 6.17 -5.79 -1.45 9.81 -3.98 4.27 
-2.99 -7.03 -0.02 8.75 -7.26 -3.25 8.21 5.05 3.58 -5.71 
-3.16 -5.34 5.08 -1.16 -0.98 -9.32 8.05 4.93 -5.03 0.30 
-2.79 -5.78 5.97 4.43 -7.06 -9.08 -9.94 -4.76 1.80 8.02 
8.35 4.68 -0.35 1.78 -0.98 2.26 -1.73 -9.56 1.15 -8.79 
-1.90 -3.54 -3.83 -4.43 -9.11 3.90 4.44 4.85 1.12 9.26 
-1.51 4.05 -0.49 -7.32 5.29 -0.71 -6.18 2.24 2.82 7.05 
7.30 2.65 1.30 2.68 -8.02 -3.59 -4.74 -1.65 -0.80 -2.06 
5.54 -5.00 7.62 -8.70 3.31 7.15 -6.63 -1.08 5.37 0.87 

Matriz C
-50.70 -111.07 72.33 43.41 -64.92 -72.02 -44.08 6.52 107.01 -0.60 
-31.41 -80.47 98.85 -77.71 -18.23 -39.92 -150.89 24.57 58.91 104.87 
30.91 -59.14 50.29 90.39 -83.64 -16.81 -127.57 -49.45 135.13 -70.98 
12.61 4.41 -77.87 22.30 -111.89 67.37 90.52 159.48 36.38 -45.71 
35.01 -167.79 156.50 30.96 -216.51 -102.63 -114.20 37.07 67.67 -10.74 
-18.45 -47.90 159.13 -261.54 45.78 -77.44 -202.42 149.24 1.93 280.73 
64.06 -157.18 159.93 120.63 -123.23 -101.70 -99.10 -172.23 76.91 -101.17 
-20.34 -71.19 -47.86 -40.43 -6.65 191.12 -3.47 -64.03 140.26 -97.52 
-98.41 102.80 49.77 -82.65 199.38 -189.12 -69.97 41.62 -126.17 145.25 
-21.81 -9.86 6.51 -90.66 53.02 -18.71 143.61 -13.24 -153.71 157.16 

Vetor V
-98.53 -597.39 627.57 -245.31 -326.89 -359.86 -577.59 119.55 344.31 361.28 

E
-752.84

####### AxB_2 #######
Matriz A
4.87 -3.48 -8.67 -7.04 7.21 4.23 -8.50 -0.88 -1.01 -9.77 
-1.80 7.23 -0.72 4.33 -9.23 8.34 3.68 2.14 7.75 6.44 
0.02 6.38 -9.01 2.80 -7.35 8.58 5.47 2.88 4.79 -5.16 
-1.05 -2.27 -1.37 -6.58 -5.74 -0.37 8.99 -4.51 4.13 1.29 
-4.34 -7.18 -7.63 6.48 6.65 7.19 -6.56 5.28 3.38 5.29 
-6.51 -0.97 -9.29 1.02 -3.10 -6.89 -1.49 4.77 -4.06 -7.28 
-7.09 -2.29 -1.84 7.39 -2.76 -9.97 2.15 -1.35 -3.47 -0.45 
8.40 1.39 -6.57 -0.97 -9.87 5.99 -5.63 -8.02 9.91 8.06 
8.77 -8.76 -7.82 3.92 -8.28 8.17 0.59 -9.21 -3.96 1.17 
-3.09 4.99 -3.61 2.67 -1.10 1.89 -5.85 -7.48 -5.41 7.18 

Matriz B
-6.77 -4.85 4.83 1.55 4.06 -3.83 9.37 2.24 3.55 8.74 
3.30 -8.12 2.63 1.70 -9.81 -4.22 -0.95 9.43 -0.17 1.69 
7.27 0.83 -9.49 -3.24 -3.22 0.16 3.65 -4.30 8.30 8.57 
5.53 7.52 5.30 0.14 -2.35 -8.71 9.17 -7.01 5.69 7.26 
-7.77 -0.56 7.03 -5.90 -3.46 -9.06 5.31 0.58 7.14 -1.92 
8.96 -7.95 4.75 0.67 -3.44 -5.85 -1.13 -5.01 -2.74 -0.25 
1.42 2.63 -5.20 1.47 3.77 -6.69 7.68 5.77 -8.37 -7.20 
-5.57 3.73 -0.22 -3.48 8.81 6.12 4.36 2.77 -0.87 6.93 
7.30 -2.97 -1.62 -6.16 5.67 1.94 4.98 9.20 -4.79 -4.84 
-0.00 -0.23 0.22 -3.83 -7.53 -0.02 1.04 7.01 0.06 -1.39 

Matriz C
-179.08 -113.56 174.00 23.24 86.92 15.61 -98.07 -81.55 21.91 -30.06 
251.08 -85.99 -15.91 -1.96 -54.67 -23.23 37.79 133.36 -147.11 -20.74 
131.58 -90.33 68.33 77.85 67.85 -46.00 11.25 79.51 -207.40 -69.40 
62.59 -26.68 -127.19 30.18 66.88 45.10 -31.79 113.20 -183.15 -179.18 
-15.25 52.05 176.45 -96.82 15.53 -30.40 19.89 -77.26 21.58 -22.87 
-117.00 123.53 16.73 66.28 113.23 118.48 -111.74 -41.98 -70.17 -49.52 
-14.71 198.86 -55.76 32.68 6.01 26.12 -13.72 -59.43 9.38 -27.58 
133.97 -182.88 77.26 26.50 -38.94 31.39 -35.14 124.21 -110.24 -44.34 
37.31 -30.04 100.54 131.74 27.88 -72.81 -9.43 -152.89 -69.37 -13.39 
45.25 -51.73 90.26 46.78 -231.54 -51.43 -127.38 -27.08 42.20 -22.00 

Vetor V
335.75 -206.76 504.71 336.46 59.15 12.83 -358.34 10.10 -692.37 -479.07 

E
-477.53

####### AxB_1 #######
Matriz A
3.47 3.91 9.30 0.93 8.77 8.64 1.59 4.38 -6.21 2.70 
4.51 1.41 -4.02 2.71 5.99 -2.61 0.78 3.17 2.51 5.95 
2.79 -1.47 9.51 -4.81 4.80 3.01 -4.11 5.60 5.12 4.47 
4.18 9.28 6.62 -7.54 -6.28 0.04 8.64 -5.66 4.67 -1.63 
8.95 7.47 -0.14 4.99 8.86 4.28 5.17 -8.84 9.60 7.38 
3.15 9.11 -9.68 5.73 6.03 -7.95 5.02 5.66 4.97 9.48 
-0.49 -9.98 6.07 8.29 9.37 5.02 -7.39 1.79 5.84 8.81 
7.27 -9.79 -2.22 1.21 -6.43 5.22 3.01 4.50 -2.56 5.63 
-1.02 8.08 -9.56 5.49 6.37 -1.96 -6.71 4.70 -7.99 -8.07 
-9.79 -2.70 -6.26 7.75 1.87 -3.01 5.77 -5.46 -9.49 -0.73 

Matriz B
-9.64 -9.16 -0.26 4.51 -5.09 1.42 -3.36 4.64 9.98 -5.65 
1.49 4.90 3.86 -7.04 6.17 -5.79 -1.45 9.81 -3.98 4.27 
-2.99 -7.03 -0.02 8.75 -7.26 -3.25 8.21 5.05 3.58 -5.71 
-3.16 -5.34 5.08 -1.16 -0.98 -9.32 8.05 4.93 -5.03 0.30 
-2.79 -5.78 5.97 4.43 -7.06 -9.08 -9.94 -4.76 1.80 8.02 
8.35 4.68 -0.35 1.78 -0.98 2.26 -1.73 -9.56 1.15 -8.79 
-1.90 -3.54 -3.83 -4.43 -9.11 3.90 4.44 4.85 1.12 9.26 
-1.51 4.05 -0.49 -7.32 5.29 -0.71 -6.18 2.24 2.82 7.05 
7.30 2.65 1.30 2.68 -8.02 -3.59 -4.74 -1.65 -0.80 -2.06 
5.54 -5.00 7.62 -8.70 3.31 7.15 -6.63 -1.08 5.37 0.87 

Matriz C
-50.70 -111.07 72.33 43.41 -64.92 -72.02 -44.08 6.52 107.01 -0.60 
-31.41 -80.47 98.85 -77.71 -18.23 -39.92 -150.89 24.57 58.91 104.87 
30.91 -59.14 50.29 90.39 -83.64 -16.81 -127.57 -49.45 135.13 -70.98 
12.61 4.41 -77.87 22.30 -111.89 67.37 90.52 159.48 36.38 -45.71 
35.01 -167.79 156.50 30.96 -216.51 -102.63 -114.20 37.07 67.67 -10.74 
-18.45 -47.90 159.13 -261.54 45.78 -77.44 -202.42 149.24 1.93 280.73 
64.06 -157.18 159.93 120.63 -123.23 -101.70 -99.10 -172.23 76.91 -101.17 
-20.34 -71.19 -47.86 -40.43 -6.65 191.12 -3.47 -64.03 140.26 -97.52 
-98.41 102.80 49.77 -82.65 199.38 -189.12 -69.97 41.62 -126.17 145.25 
-21.81 -9.86 6.51 -90.66 53.02 -18.71 143.61 -13.24 -153.71 157.16 

Vetor V
-98.53 -597.39 627.57 -245.31 -326.89 -359.86 -577.59 119.55 344.31 361.28 

E
-1505.69

####### AxB_2 #######
Matriz A
4.87 -3.48 -8.67 -7.04 7.21 4.23 -8.50 -0.88 -1.01 -9.77 
-1.80 7.23 -0.72 4.33 -9.23 8.34 3.68 2.14 7.75 6.44 
0.02 6.38 -9.01 2.80 -7.35 8.58 5.47 2.88 4.79 -5.16 
-1.05 -2.27 -1.37 -6.58 -5.74 -0.37 8.99 -4.51 4.13 1.29 
-4.34 -7.18 -7.63 6.48 6.65 7.19 -6.56 5.28 3.38 5.29 
-6.51 -0.97 -9.29 1.02 -3.10 -6.89 -1.49 4.77 -4.06 -7.28 
-7.09 -2.29 -1.84 7.39 -2.76 -9.97 2.15 -1.35 -3.47 -0.45 
8.40 1.39 -6.57 -0.97 -9.87 5.99 -5.63 -8.02 9.91 8.06 
8.77 -8.76 -7.82 3.92 -8.28 8.17 0.59 -9.21 -3.96 1.17 
-3.09 4.99 -3.61 2.67 -1.10 1.89 -5.85 -7.48 -5.41 7.18 

Matriz B
-6.77 -4.85 4.83 1.55 4.06 -3.83 9.37 2.24 3.55 8.74 
3.30 -8.12 2.63 1.70 -9.81 -4.22 -0.95 9.43 -0.17 1.69 
7.27 0.83 -9.49 -3.24 -3.22 0.16 3.65 -4.30 8.30 8.57 
5.53 7.52 5.30 0.14 -2.35 -8.71 9.17 -7.01 5.69 7.26 
-7.77 -0.56 7.03 -5.90 -3.46 -9.06 5.31 0.58 7.14 -1.92 
8.96 -7.95 4.75 0.67 -3.44 -5.85 -1.13 -5.01 -2.74 -0.25 
1.42 2.63 -5.20 1.47 3.77 -6.69 7.68 5.77 -8.37 -7.20 
-5.57 3.73 -0.22 -3.48 8.81 6.12 4.36 2.77 -0.87 6.93 
7.30 -2.97 -1.62 -6.16 5.67 1.94 4.98 9.20 -4.79 -4.84 
-0.00 -0.23 0.22 -3.83 -7.53 -0.02 1.04 7.01 0.06 -1.39 

Matriz C
-179.08 -113.56 174.00 23.24 86.92 15.61 -98.07 -81.55 21.91 -30.06 
251.08 -85.99 -15.91 -1.96 -54.67 -23.23 37.79 133.36 -147.11 -20.74 
131.58 -90.33 68.33 77.85 67.85 -46.00 11.25 79.51 -207.40 -69.40 
62.59 -26.68 -127.19 30.18 66.88 45.10 -31.79 113.20 -183.15 -179.18 
-15.25 52.05 176.45 -96.82 15.53 -30.40 19.89 -77.26 21.58 -22.87 
-117.00 123.53 16.73 66.28 113.23 118.48 -111.74 -41.98 -70.17 -49.52 
-14.71 198.86 -55.76 32.68 6.01 26.12 -13.72 -59.43 9.38 -27.58 
133.97 -182.88 77.26 26.50 -38.94 31.39 -35.14 124.21 -110.24 -44.34 
37.31 -30.04 100.54 131.74 27.88 -72.81 -9.43 -152.89 -69.37 -13.39 
45.25 -51.73 90.26 46.78 -231.54 -51.43 -127.38 -27.08 42.20 -22.00 

Vetor V
335.75 -206.76 504.71 336.46 59.15 12.83 -358.34 10.10 -692.37 -479.07 

E
-955.07

####### AxB_5 #######
Matriz A
-9.41 -3.43 -1.21 -4.16 9.12 -7.82 -4.19 4.79 0.89 -6.11 
-7.77 9.43 8.91 1.39 7.43 -4.40 -5.50 -4.20 2.20 8.51 
-7.61 -0.54 1.79 4.84 -6.85 -5.16 0.86 -5.78 -5.93 -2.45 
8.45 2.66 1.58 -6.86 8.99 -7.23 -1.20 -0.11 0.46 -8.79 
-5.97 1.89 4.59 9.98 -3.67 5.71 0.42 4.45 -9.48 5.55 
-8.18 -7.83 2.85 7.88 -3.03 -2.95 -6.90 -8.21 4.56 -2.54 
6.86 6.68 -6.84 -9.13 -3.27 -6.70 6.53 1.28 -9.40 -1.81 
9.02 8.60 7.11 -7.60 1.84 9.68 7.16 5.64 9.14 1.42 
-0.25 9.24 -6.82 1.25 -9.32 5.11 7.67 4.80 -6.29 -1.90 
9.05 4.26 0.12 3.71 -1.56 -2.97 3.65 7.21 -3.74 -1.81 

Matriz B
5.16 -4.03 5.59 -0.11 2.87 -1.63 -0.48 -7.79 -8.72 6.81 
-0.94 8.61 -6.64 0.89 -8.86 7.81 4.24 -3.00 -4.21 9.51 
4.99 -8.05 -4.43 1.80 8.08 5.72 -5.05 1.99 6.12 -8.88 
5.58 -6.94 2.83 6.94 1.11 5.39 6.56 6.28 8.18 8.80 
-0.57 1.01 -7.10 -2.48 5.72 6.82 -4.24 7.81 -6.84 -3.59 
3.87 4.23 0.99 2.15 -8.20 -8.25 3.75 -2.29 5.33 -5.53 
-4.73 3.73 5.96 4.45 3.23 2.23 3.20 -3.76 -0.81 3.72 
5.26 -6.43 0.33 -8.96 9.97 9.06 -3.89 1.41 0.63 -7.40 
0.98 -5.03 3.28 7.64 9.47 8.24 0.62 -8.75 -8.45 5.00 
0.92 0.15 -2.81 8.74 -6.24 -6.30 -4.52 5.04 3.62 -8.36 

Matriz C
-69.78 -28.69 -112.04 -180.66 186.06 165.80 -103.07 128.12 -72.23 -107.56 
-4.10 16.73 -249.56 111.39 -45.64 145.94 -78.53 165.20 33.71 -81.99 
-61.42 19.11 0.99 31.96 -89.81 -43.51 66.40 81.33 175.43 59.67 
-24.94 -5.17 -48.81 -158.83 170.78 155.52 -74.38 -70.94 -266.16 88.28 
87.44 -23.96 -49.02 39.32 -132.21 -39.42 43.21 186.52 312.03 -119.18 
5.24 -123.88 12.79 110.42 39.42 -21.56 33.98 87.13 143.89 20.18 
-115.06 179.79 28.63 -146.82 -112.53 -54.27 6.69 -104.24 -149.44 122.38 
74.01 20.69 7.36 46.53 86.91 118.29 -24.91 -229.23 -168.85 -28.21 
-30.89 168.09 74.23 -34.79 -206.59 -44.69 151.18 -92.60 65.84 140.38 
68.72 -54.85 57.36 -66.51 68.30 107.11 22.42 -45.08 -44.29 112.41 

Vetor V
-70.77 167.85 -278.05 -248.00 -35.33 489.21 42.99 106.22 29.93 206.35 

E
410.37

####### AxB_6 #######
Matriz A
-2.74 -9.69 0.66 -9.15 1.16 7.83 5.63 -3.42 4.46 2.13 
6.27 -1.72 8.27 3.98 0.02 -1.28 -3.90 1.16 1.25 6.78 
-9.28 -9.21 1.19 -4.26 -2.66 2.64 -4.84 -4.23 -8.19 -2.93 
2.26 9.37 8.07 8.27 8.20 1.49 0.85 7.59 -4.03 2.03 
-6.38 -8.25 3.63 -9.43 1.10 -5.27 9.06 -0.15 -0.63 -8.35 
-0.83 -9.76 -4.67 4.45 -2.84 9.13 6.68 4.49 -9.09 3.09 
4.49 -4.60 -3.48 8.23 -9.33 9.86 -0.73 -1.17 -8.58 0.23 
-3.84 -9.74 -1.58 -8.27 -1.22 0.43 5.33 -4.54 1.24 3.44 
4.69 -5.95 -5.24 -8.14 7.50 -7.16 -5.74 -8.50 9.83 3.09 
-2.81 -8.03 -8.02 2.37 3.53 -9.51 8.77 -7.58 -6.57 -3.00 

Matriz B
8.39 4.08 -0.18 1.86 -6.92 -9.15 9.46 2.39 -1.01 6.39 
0.23 3.56 1.29 -2.84 9.61 5.20 -8.14 -2.40 -7.41 6.00 
9.98 9.80 6.14 1.67 -7.20 0.45 7.66 -3.85 1.77 -4.45 
-6.36 4.31 8.73 -1.88 4.83 6.24 4.61 -7.04 9.23 -6.87 
0.40 2.15 -8.55 8.10 -1.22 3.94 6.44 7.46 7.74 4.93 
6.02 -7.50 -9.31 -7.70 -8.68 -9.80 -0.80 7.15 5.00 -8.05 
7.98 -7.59 -9.44 -0.06 -2.57 9.97 -7.11 -0.58 9.88 2.39 
-6.12 -7.06 3.31 0.93 2.86 7.62 -6.40 6.16 4.14 2.61 
4.68 -9.17 3.49 -6.11 -0.81 -0.04 -2.67 -1.40 -2.68 8.97 
6.13 -5.40 -5.73 -1.21 1.75 -3.69 -8.76 0.87 5.38 -6.64 

Matriz C
186.95 -205.86 -231.76 -43.51 -216.62 -132.25 -31.67 114.50 80.38 -42.65 
110.92 100.64 100.09 18.37 -64.96 -80.25 113.74 -36.19 50.94 -64.10 
-95.20 54.66 -22.04 26.96 -71.26 -94.73 66.43 10.03 -26.13 -201.57 
15.22 129.72 40.85 59.64 59.65 159.97 35.02 19.12 151.36 -21.42 
28.57 -35.42 -70.25 98.11 -100.23 134.27 13.81 14.93 14.78 77.26 
-28.06 -155.03 -160.61 -27.72 -100.27 -28.38 -48.29 91.38 255.21 -235.52 
-32.24 0.54 3.47 -100.26 -78.79 -165.30 56.80 -16.44 88.62 -248.62 
101.68 -145.67 -168.07 3.95 -119.51 -71.05 -57.76 42.67 38.68 -39.44 
68.51 -21.91 -66.57 76.70 -50.34 -161.08 111.06 47.62 -124.43 199.88 
-109.14 33.88 -93.67 137.75 45.56 143.25 48.59 -60.11 106.53 9.39 

Vetor V
247.22 -244.46 -668.55 249.98 -696.76 -295.54 307.74 227.51 635.94 -566.78 

E
-1607.38

####### AxB_6 #######
Matriz A
-2.74 -9.69 0.66 -9.15 1.16 7.83 5.63 -3.42 4.46 2.13 
6.27 -1.72 8.27 3.98 0.02 -1.28 -3.90 1.16 1.25 6.78 
-9.28 -9.21 1.19 -4.26 -2.66 2.64 -4.84 -4.23 -8.19 -2.93 
2.26 9.37 8.07 8.27 8.20 1.49 0.85 7.59 -4.03 2.03 
-6.38 -8.25 3.63 -9.43 1.10 -5.27 9.06 -0.15 -0.63 -8.35 
-0.83 -9.76 -4.67 4.45 -2.84 9.13 6.68 4.49 -9.09 3.09 
4.49 -4.60 -3.48 8.23 -9.33 9.86 -0.73 -1.17 -8.58 0.23 
-3.84 -9.74 -1.58 -8.27 -1.22 0.43 5.33 -4.54 1.24 3.44 
4.69 -5.95 -5.24 -8.14 7.50 -7.16 -5.74 -8.50 9.83 3.09 
-2.81 -8.03 -8.02 2.37 3.53 -9.51 8.77 -7.58 -6.57 -3.00 

Matriz B
8.39 4.08 -0.18 1.86 -6.92 -9.15 9.46 2.39 -1.01 6.39 
0.23 3.56 1.29 -2.84 9.61 5.20 -8.14 -2.40 -7.41 6.00 
9.98 9.80 6.14 1.67 -7.20 0.45 7.66 -3.85 1.77 -4.45 
-6.36 4.31 8.73 -1.88 4.83 6.24 4.61 -7.04 9.23 -6.87 
0.40 2.15 -8.55 8.10 -1.22 3.94 6.44 7.46 7.74 4.93 
6.02 -7.50 -9.31 -7.70 -8.68 -9.80 -0.80 7.15 5.00 -8.05 
7.98 -7.59 -9.44 -0.06 -2.57 9.97 -7.11 -0.58 9.88 2.39 
-6.12 -7.06 3.31 0.93 2.86 7.62 -6.40 6.16 4.14 2.61 
4.68 -9.17 3.49 -6.11 -0.81 -0.04 -2.67 -1.40 -2.68 8.97 
6.13 -5.40 -5.73 -1.21 1.75 -3.69 -8.76 0.87 5.38 -6.64 

Matriz C
186.95 -205.86 -231.76 -43.51 -216.62 -132.25 -31.67 114.50 80.38 -42.65 
110.92 100.64 100.09 18.37 -64.96 -80.25 113.74 -36.19 50.94 -64.10 
-95.20 54.66 -22.04 26.96 -71.26 -94.73 66.43 10.03 -26.13 -201.57 
15.22 129.72 40.85 59.64 59.65 159.97 35.02 19.12 151.36 -21.42 
28.57 -35.42 -70.25 98.11 -100.23 134.27 13.81 14.93 14.78 77.26 
-28.06 -155.03 -160.61 -27.72 -100.27 -28.38 -48.29 91.38 255.21 -235.52 
-32.24 0.54 3.47 -100.26 -78.79 -165.30 56.80 -16.44 88.62 -248.62 
101.68 -145.67 -168.07 3.95 -119.51 -71.05 -57.76 42.67 38.68 -39.44 
68.51 -21.91 -66.57 76.70 -50.34 -161.08 111.06 47.62 -124.43 199.88 
-109.14 33.88 -93.67 137.75 45.56 143.25 48.59 -60.11 106.53 9.39 

Vetor V
247.22 -244.46 -668.55 249.98 -696.76 -295.54 307.74 227.51 635.94 -566.78 

E
-1607.38

####### AxB_7 #######
Matriz A
1.10 6.19 5.37 1.34 -2.97 3.83 -2.75 -7.94 9.28 -7.32 
-0.89 -9.61 -3.97 0.17 7.98 -6.02 -4.61 -3.97 -9.43 7.12 
5.58 -5.64 -9.03 -8.96 7.10 -9.73 -3.86 -6.01 -1.99 7.93 
6.37 -3.31 7.01 -1.96 5.17 -8.98 -3.86 -3.35 0.08 -6.97 
2.44 -6.37 -2.78 -1.31 -1.72 -7.85 3.56 -6.47 -6.69 -8.76 
-1.18 4.46 2.39 -3.03 -6.78 -5.61 8.41 1.23 4.36 -6.29 
-3.54 -3.52 -3.12 -5.11 -8.38 -8.90 3.60 -9.40 3.17 5.30 
-6.61 -8.68 4.61 -5.58 8.08 5.01 2.23 -7.53 -8.13 9.07 
4.31 -8.91 9.44 -7.63 2.65 -5.50 -6.06 3.53 -0.23 9.17 
4.73 4.52 -4.30 5.19 -1.84 -6.33 -7.64 -7.40 -8.23 8.09 

Matriz B
-7.23 7.43 6.11 -3.68 -0.23 -0.80 3.01 -8.75 -1.16 1.80 
-0.89 -2.37 -6.83 8.04 7.98 5.58 -3.59 0.45 6.53 9.67 
-5.45 9.94 5.25 2.19 -8.84 -3.58 7.32 9.51 5.63 -3.90 
-0.03 5.53 8.98 9.05 -9.94 9.01 2.81 -8.11 -9.72 5.42 
1.73 -4.37 4.18 1.86 4.58 9.23 -0.04 -0.75 -5.46 -9.31 
6.37 -5.20 6.17 -8.78 -3.53 -0.93 4.61 3.92 -2.78 -7.09 
4.91 0.99 -3.69 8.71 -4.69 -8.31 -6.62 8.01 5.51 -4.69 
-3.36 -3.74 4.37 -3.78 -1.57 -4.03 6.55 -2.25 3.60 3.14 
9.80 8.00 0.27 2.24 6.88 8.51 -2.42 -8.80 7.77 6.36 
-9.29 -0.13 -8.95 7.58 9.25 -8.13 -2.63 -1.19 -2.53 -9.90 

Matriz C
148.61 149.52 59.35 1.82 -17.27 188.87 4.93 -26.51 108.81 168.11 
-155.78 -92.01 -29.51 -5.75 43.56 -41.74 -16.22 -18.74 -243.54 -231.05 
-127.47 -63.21 -169.14 -23.36 276.66 -34.86 -129.23 -117.36 -97.20 -146.89 
-71.67 148.37 108.94 -37.59 -55.55 92.67 57.01 -29.54 11.18 34.13 
5.28 22.03 11.62 -38.34 -127.56 -37.14 -56.65 42.86 -49.63 25.37 
82.48 85.89 -83.47 85.35 -35.96 -53.99 -77.80 76.44 226.57 172.58 
5.78 69.06 -250.74 108.37 112.84 -128.90 -182.92 28.34 80.94 6.47 
-51.23 -110.79 -66.83 -16.40 -4.39 -171.12 -16.16 252.16 -127.80 -430.40 
-233.96 99.57 1.03 -79.79 57.97 -166.51 106.84 21.01 19.28 -194.99 
-226.91 4.57 -103.46 112.96 100.98 30.00 -47.24 -127.52 -176.13 39.29 

Vetor V
-624.86 313.00 -522.21 107.27 351.30 -322.72 -357.46 101.15 -247.52 -557.38 

E
-1759.44

####### AxB_10 #######
Matriz A
-6.26 6.55 -4.30 -7.74 -3.69 -7.88 -7.23 1.30 4.60 2.61 
3.44 4.49 1.72 -2.74 -3.46 2.08 1.14 1.98 6.59 -5.80 
0.24 2.10 2.69 3.38 -5.07 -3.18 0.38 9.97 -8.34 3.41 
8.87 -8.42 1.54 2.37 9.89 -5.71 -3.90 0.72 -0.95 4.21 
-4.97 -1.50 -9.20 -1.57 -8.58 6.16 -2.99 0.47 7.32 -1.04 
-8.32 -9.57 -7.19 -9.43 5.90 -7.63 -3.86 -2.87 6.61 5.35 
-6.73 -0.90 7.92 5.06 1.71 3.72 9.26 7.63 -4.18 -6.74 
3.36 5.30 -1.58 -5.53 -7.85 -0.78 -1.04 5.94 -7.33 8.20 
3.55 5.49 -5.47 -6.65 -4.74 -5.35 8.13 3.80 -6.49 3.18 
-2.94 7.08 0.81 9.92 3.70 0.91 5.80 5.38 1.38 -2.28 

Matriz B
-7.74 6.63 7.43 3.21 3.13 5.66 8.67 3.76 -1.06 8.76 
-3.97 0.49 3.30 -3.60 -9.99 -9.64 8.33 -0.25 9.10 -7.74 
-7.89 -4.37 5.48 -6.41 6.63 8.92 -1.73 -4.97 2.34 -5.60 
-8.96 -2.79 -8.09 9.16 -6.70 -3.61 2.29 9.00 4.95 7.23 
9.73 -7.70 -8.68 1.36 -7.97 -8.84 -6.33 4.07 7.94 2.72 
-7.01 8.03 4.53 -7.27 5.58 3.12 -6.13 -1.77 -8.82 6.06 
0.70 6.07 -7.70 -9.57 2.84 -8.10 -0.68 0.50 -5.78 3.68 
-9.76 1.58 -0.08 8.15 9.32 -5.70 -5.19 7.78 -6.41 -1.36 
-8.60 5.39 9.76 -7.18 -5.92 0.92 -6.39 6.56 9.99 -7.91 
0.72 -8.92 6.60 -1.13 -6.54 0.12 2.81 -7.63 1.29 -0.40 

Matriz C
89.63 -73.09 128.18 9.07 -128.96 -45.26 37.77 -57.77 140.85 -261.01 
-161.09 165.78 128.53 -96.61 55.47 23.34 -2.33 64.30 20.93 -79.17 
-111.60 -62.37 -36.90 156.80 118.70 -39.37 85.12 -0.55 -115.35 14.61 
69.09 -145.87 -35.84 170.84 -30.75 58.43 -1.26 64.79 72.07 134.18 
-65.97 157.75 110.35 -41.35 11.06 33.15 -76.82 25.57 -74.08 -46.89 
326.82 -148.88 -12.51 -9.01 -116.36 -6.54 -161.27 -62.23 86.01 -121.64 
-98.49 28.77 -205.69 -36.30 179.90 -103.70 -139.71 69.47 -129.59 26.90 
-45.71 -8.19 133.25 47.90 84.53 9.56 157.58 -126.14 -136.56 -26.01 
71.56 54.23 -20.04 -5.60 48.61 -125.51 158.70 -63.72 -122.05 0.66 
-132.96 3.06 -148.96 30.18 -92.08 -220.00 -21.29 157.08 82.73 6.23 

Vetor V
-58.73 -28.81 40.36 225.91 130.12 -415.88 36.50 70.81 -175.06 -352.15 

E
-1053.86

####### AxB_10 #######
Matriz A
-6.26 6.55 -4.30 -7.74 -3.69 -7.88 -7.23 1.30 4.60 2.61 
3.44 4.49 1.72 -2.74 -3.46 2.08 1.14 1.98 6.59 -5.80 
0.24 2.10 2.69 3.38 -5.07 -3.18 0.38 9.97 -8.34 3.41 
8.87 -8.42 1.54 2.37 9.89 -5.71 -3.90 0.72 -0.95 4.21 
-4.97 -1.50 -9.20 -1.57 -8.58 6.16 -2.99 0.47 7.32 -1.04 
-8.32 -9.57 -7.19 -9.43 5.90 -7.63 -3.86 -2.87 6.61 5.35 
-6.73 -0.90 7.92 5.06 1.71 3.72 9.26 7.63 -4.18 -6.74 
3.36 5.30 -1.58 -5.53 -7.85 -0.78 -1.04 5.94 -7.33 8.20 
3.55 5.49 -5.47 -6.65 -4.74 -5.35 8.13 3.80 -6.49 3.18 
-2.94 7.08 0.81 9.92 3.70 0.91 5.80 5.38 1.38 -2.28 

Matriz B
-7.74 6.63 7.43 3.21 3.13 5.66 8.67 3.76 -1.06 8.76 
-3.97 0.49 3.30 -3.60 -9.99 -9.64 8.33 -0.25 9.10 -7.74 
-7.89 -4.37 5.48 -6.41 6.63 8.92 -1.73 -4.97 2.34 -5.60 
-8.96 -2.79 -8.09 9.16 -6.70 -3.61 2.29 9.00 4.95 7.23 
9.73 -7.70 -8.68 1.36 -7.97 -8.84 -6.33 4.07 7.94 2.72 
-7.01 8.03 4.53 -7.27 5.58 3.12 -6.13 -1.77 -8.82 6.06 
0.70 6.07 -7.70 -9.57 2.84 -8.10 -0.68 0.50 -5.78 3.68 
-9.76 1.58 -0.08 8.15 9.32 -5.70 -5.19 7.78 -6.41 -1.36 
-8.60 5.39 9.76 -7.18 -5.92 0.92 -6.39 6.56 9.99 -7.91 
0.72 -8.92 6.60 -1.13 -6.54 0.12 2.81 -7.63 1.29 -0.40 

Matriz C
89.63 -73.09 128.18 9.07 -128.96 -45.26 37.77 -57.77 140.85 -261.01 
-161.09 165.78 128.53 -96.61 55.47 23.34 -2.33 64.30 20.93 -79.17 
-111.60 -62.37 -36.90 156.80 118.70 -39.37 85.12 -0.55 -115.35 14.61 
69.09 -145.87 -35.84 170.84 -30.75 58.43 -1.26 64.79 72.07 134.18 
-65.97 157.75 110.35 -41.35 11.06 33.15 -76.82 25.57 -74.08 -46.89 
326.82 -148.88 -12.51 -9.01 -116.36 -6.54 -161.27 -62.23 86.01 -121.64 
-98.49 28.77 -205.69 -36.30 179.90 -103.70 -139.71 69.47 -129.59 26.90 
-45.71 -8.19 133.25 47.90 84.53 9.56 157.58 -126.14 -136.56 -26.01 
71.56 54.23 -20.04 -5.60 48.61 -125.51 158.70 -63.72 -122.05 0.66 
-132.96 3.06 -148.96 30.18 -92.08 -220.00 -21.29 157.08 82.73 6.23 

Vetor V
-58.73 -28.81 40.36 225.91 130.12 -415.88 36.50 70.81 -175.06 -352.15 

E
-1053.86

####### AxB_11 #######
Matriz A
1.86 -8.54 2.94 -1.61 7.85 3.69 -4.23 -0.39 2.77 -6.50 
-2.44 8.66 1.34 1.50 -7.45 -3.94 5.99 8.06 8.79 -4.67 
-1.57 -7.02 -3.89 3.01 3.17 5.54 5.13 4.31 -8.96 -1.53 
-9.43 8.67 -7.74 -1.53 -9.92 -8.23 4.91 6.25 4.57 -4.40 
0.21 -3.05 7.91 2.00 -4.74 -1.93 5.70 -5.95 3.32 -6.70 
1.75 -6.39 6.55 -6.54 2.72 -1.40 6.92 3.13 -8.71 -8.40 
2.54 -8.13 8.56 -3.33 -3.86 5.41 7.19 9.92 0.55 1.23 
3.74 -4.46 4.03 -5.99 -0.77 7.77 -6.04 -4.51 -7.13 -5.83 
0.50 -4.69 3.91 -2.60 4.49 -6.18 -1.38 -1.77 5.86 1.17 
-2.09 1.14 2.46 4.04 -0.13 -7.66 -4.11 9.84 0.81 3.39 

Matriz B
6.97 -3.55 -4.47 -4.31 -7.53 9.88 -5.50 -0.55 -2.66 2.92 
-0.90 4.69 -3.03 7.39 -6.47 -6.40 -2.21 -5.67 1.40 7.10 
-4.00 -9.07 -8.54 -1.92 -9.99 5.17 -9.25 1.39 -7.17 7.58 
0.04 -2.45 3.81 -4.68 6.78 5.76 4.93 -2.00 9.00 1.89 
0.96 -9.78 2.30 -0.50 1.12 5.01 6.61 4.09 6.88 -8.84 
-8.15 -0.11 -4.72 -2.12 4.95 9.72 -9.74 -3.57 4.47 -7.99 
7.68 -3.27 3.17 -9.70 5.86 -2.20 7.69 2.17 8.27 5.48 
-7.63 7.70 -6.33 -7.18 -5.23 4.68 8.19 -9.84 -1.15 -1.08 
-4.49 -3.65 -0.00 -8.26 2.52 4.91 -9.43 -5.45 -0.42 9.39 
9.87 -3.52 -7.47 -1.58 7.17 -1.46 -3.02 -4.50 -4.25 2.16 

Matriz C
-119.81 -122.96 24.57 -49.76 -34.35 184.73 -52.75 82.45 9.96 -145.63 
-106.20 133.57 -16.75 -104.20 -87.11 -65.06 21.70 -158.50 10.06 261.26 
0.59 23.45 54.53 -69.34 121.45 63.50 205.83 46.87 143.64 -214.49 
-59.01 276.89 101.05 25.85 6.07 -279.87 170.48 -118.81 24.11 179.48 
-8.03 -98.11 52.36 -70.94 -37.32 17.20 -86.23 94.65 -3.72 154.38 
-9.03 -43.18 8.42 -39.51 -143.49 23.32 129.64 143.06 -13.98 -81.22 
-67.95 -32.94 -156.11 -228.87 -51.70 166.96 -42.17 -62.39 -69.26 35.69 
-87.85 -17.83 -45.94 114.20 -114.15 89.18 -156.83 106.29 -86.56 -164.57 
34.78 -130.72 6.26 -45.45 -31.35 24.44 -35.40 54.60 -72.87 54.47 
-39.79 56.99 -64.51 -32.72 -76.09 -12.94 110.99 -108.57 -69.31 72.40 

Vetor V
-462.29 45.16 -36.11 -500.75 -448.04 211.44 265.25 79.64 -127.94 151.79 

E
-1643.68

####### AxB_11 #######
Matriz A
1.86 -8.54 2.94 -1.61 7.85 3.69 -4.23 -0.39 2.77 -6.50 
-2.44 8.66 1.34 1.50 -7.45 -3.94 5.99 8.06 8.79 -4.67 
-1.57 -7.02 -3.89 3.01 3.17 5.54 5.13 4.31 -8.96 -1.53 
-9.43 8.67 -7.74 -1.53 -9.92 -8.23 4.91 6.25 4.57 -4.40 
0.21 -3.05 7.91 2.00 -4.74 -1.93 5.70 -5.95 3.32 -6.70 
1.75 -6.39 6.55 -6.54 2.72 -1.40 6.92 3.13 -8.71 -8.40 
2.54 -8.13 8.56 -3.33 -3.86 5.41 7.19 9.92 0.55 1.23 
3.74 -4.46 4.03 -5.99 -0.77 7.77 -6.04 -4.51 -7.13 -5.83 
0.50 -4.69 3.91 -2.60 4.49 -6.18 -1.38 -1.77 5.86 1.17 
-2.09 1.14 2.46 4.04 -0.13 -7.66 -4.11 9.84 0.81 3.39 

Matriz B
6.97 -3.55 -4.47 -4.31 -7.53 9.88 -5.50 -0.55 -2.66 2.92 
-0.90 4.69 -3.03 7.39 -6.47 -6.40 -2.21 -5.67 1.40 7.10 
-4.00 -9.07 -8.54 -1.92 -9.99 5.17 -9.25 1.39 -7.17 7.58 
0.04 -2.45 3.81 -4.68 6.78 5.76 4.93 -2.00 9.00 1.89 
0.96 -9.78 2.30 -0.50 1.12 5.01 6.61 4.09 6.88 -8.84 
-8.15 -0.11 -4.72 -2.12 4.95 9.72 -9.74 -3.57 4.47 -7.99 
7.68 -3.27 3.17 -9.70 5.86 -2.20 7.69 2.17 8.27 5.48 
-7.63 7.70 -6.33 -7.18 -5.23 4.68 8.19 -9.84 -1.15 -1.08 
-4.49 -3.65 -0.00 -8.26 2.52 4.91 -9.43 -5.45 -0.42 9.39 
9.87 -3.52 -7.47 -1.58 7.17 -1.46 -3.02 -4.50 -4.25 2.16 

Matriz C
-119.81 -122.96 24.57 -49.76 -34.35 184.73 -52.75 82.45 9.96 -145.63 
-106.20 133.57 -16.75 -104.20 -87.11 -65.06 21.70 -158.50 10.06 261.26 
0.59 23.45 54.53 -69.34 121.45 63.50 205.83 46.87 143.64 -214.49 
-59.01 276.89 101.05 25.85 6.07 -279.87 170.48 -118.81 24.11 179.48 
-8.03 -98.11 52.36 -70.94 -37.32 17.20 -86.23 94.65 -3.72 154.38 
-9.03 -43.18 8.42 -39.51 -143.49 23.32 129.64 143.06 -13.98 -81.22 
-67.95 -32.94 -156.11 -228.87 -51.70 166.96 -42.17 -62.39 -69.26 35.69 
-87.85 -17.83 -45.94 114.20 -114.15 89.18 -156.83 106.29 -86.56 -164.57 
34.78 -130.72 6.26 -45.45 -31.35 24.44 -35.40 54.60 -72.87 54.47 
-39.79 56.99 -64.51 -32.72 -76.09 -12.94 110.99 -108.57 -69.31 72.40 

Vetor V
-462.29 45.16 -36.11 -500.75 -448.04 211.44 265.25 79.64 -127.94 151.79 

E
-1643.68

####### AxB_12 #######
Matriz A
5.79 3.19 8.66 -6.00 -5.42 0.02 3.49 -0.43 -7.42 -8.13 
2.23 -4.31 0.90 5.58 9.80 2.01 -1.74 -2.85 0.99 -5.08 
-4.64 2.71 3.07 -0.44 -9.51 6.05 -3.20 -7.30 -9.40 -2.60 
3.28 3.32 -6.53 -7.43 -0.52 -4.85 -3.24 -3.71 8.28 7.53 
5.97 -5.10 1.47 9.19 -0.73 -3.81 -0.30 -3.95 -6.70 2.18 
-8.58 6.98 9.46 -6.95 -8.37 -8.03 4.28 -9.52 9.34 -1.31 
8.83 -6.18 -9.38 3.24 3.50 6.19 6.46 -7.63 9.09 -2.90 
1.86 4.86 -0.46 -6.92 1.63 6.36 1.54 -6.41 6.23 8.79 
9.71 6.43 1.60 -3.63 0.85 8.95 3.64 -9.14 2.45 -1.36 
9.40 -8.01 1.13 0.47 -9.92 -3.91 -3.76 4.91 -9.28 -4.14 

Matriz B
4.06 -1.24 -1.69 -8.52 4.11 7.98 -9.80 -9.11 -6.19 -3.70 
-6.08 -9.89 7.48 4.24 -0.22 1.80 8.44 9.10 3.75 -4.83 
2.18 7.11 7.92 -1.12 -1.21 -2.87 -4.37 -1.04 -8.57 -8.79 
-8.88 6.67 -2.70 0.17 -2.98 1.44 -1.70 7.40 3.75 -1.67 
9.47 3.77 -7.86 8.08 4.92 4.72 8.41 -6.59 1.55 -6.72 
-3.62 0.72 -5.47 -8.18 -2.97 9.83 -0.60 -2.95 -1.68 -1.31 
9.07 -7.67 -7.58 -7.32 6.42 -3.53 -9.22 -5.90 2.34 -7.34 
-7.02 -4.10 0.89 4.19 5.83 -4.85 -4.77 -0.51 -4.47 9.95 
-3.56 -5.04 -0.25 1.50 5.92 6.49 2.08 2.12 1.05 9.57 
0.14 3.34 -9.75 -1.39 5.57 4.90 -3.60 -9.71 2.12 7.90 

Matriz C
84.82 -52.36 195.64 -117.66 -65.54 -105.16 -119.35 1.37 -143.97 -231.67 
73.19 124.95 -72.03 34.75 -15.58 83.00 59.55 -26.55 -6.00 -119.40 
-81.35 59.51 140.73 -96.47 -220.06 -54.05 26.20 133.23 -4.22 -125.84 
25.74 -114.86 -35.98 37.78 103.17 110.13 73.26 -64.68 61.25 177.08 
32.89 168.84 -55.65 -74.74 -48.26 -6.01 -127.63 -49.86 -14.40 -99.83 
27.09 -120.07 239.63 33.59 -24.89 -126.24 77.99 171.38 32.27 -53.85 
114.33 -51.02 -235.31 -174.32 72.83 227.28 -71.31 -131.07 62.35 -16.66 
68.88 -76.65 -103.99 -75.76 75.24 194.31 44.15 -130.91 33.98 19.94 
99.97 -86.16 -24.56 -183.59 1.99 211.95 -19.90 -88.89 -27.97 -197.38 
-30.75 80.17 106.79 -123.48 -73.08 -118.28 -239.69 -39.11 -154.22 19.91 

Vetor V
414.80 -67.65 155.28 -739.90 -194.18 416.92 -296.73 -225.08 -160.94 -627.69 

E
-1325.18

####### AxB_13 #######
Matriz A
1.52 -6.17 -4.81 0.12 -7.30 8.80 -6.19 -0.49 -5.87 3.23 
0.22 0.06 9.70 9.82 8.65 -5.59 -6.77 6.53 -1.87 6.61 
-3.47 -4.36 -2.30 8.17 0.38 3.02 7.47 3.27 -3.07 7.79 
9.72 2.61 2.51 0.75 -5.05 -6.53 6.72 5.76 8.82 2.47 
-2.98 -0.45 -0.92 8.71 -9.92 8.56 4.31 7.57 2.17 -2.97 
9.94 -6.42 4.13 7.14 3.57 8.82 4.64 -5.48 -6.89 -5.35 
-5.33 -7.53 6.08 -5.98 -2.38 -9.61 5.12 -6.68 8.92 -7.63 
-4.05 -2.30 3.66 -9.33 -4.25 9.94 2.02 0.33 -7.97 0.57 
6.16 -9.03 -6.90 -4.41 -2.93 -0.58 -4.31 -9.48 1.18 1.92 
-3.24 2.95 -9.19 2.60 7.78 -6.22 -1.52 -8.31 0.50 1.16 

Matriz B
-7.14 -1.41 -7.31 -9.26 -2.10 -0.00 -5.82 -4.37 -9.15 -7.97 
-1.65 7.15 0.58 7.40 2.85 4.32 0.03 -0.97 2.61 5.22 
-5.96 9.40 5.56 -6.49 3.38 0.20 -7.84 5.00 -7.07 -6.60 
6.16 5.15 6.75 0.04 -5.92 4.64 8.88 3.56 3.32 0.12 
-0.08 -4.76 -4.60 1.71 5.27 -5.45 5.04 -5.05 -9.16 -6.42 
-2.42 9.75 2.66 -9.52 0.71 -1.20 -9.57 0.35 7.80 6.12 
-2.76 -6.98 8.21 0.93 -0.30 9.07 -9.79 -5.28 -8.13 6.19 
2.06 -9.15 -2.05 -6.64 8.23 -9.55 -2.77 -0.62 6.05 6.68 
-0.82 -0.04 0.44 -5.13 7.33 4.61 -5.49 7.47 -8.56 9.49 
-8.11 -2.90 -4.31 2.66 -3.33 6.16 -6.77 -7.37 2.41 -1.62 

Matriz C
2.72 68.25 -49.95 -88.57 -125.93 -56.46 -18.95 -19.00 245.29 -14.37 
-6.09 14.61 -34.30 -18.62 36.03 -84.34 120.67 5.81 -34.19 -180.77 
14.13 -82.72 91.18 8.73 -80.91 83.28 -34.41 -85.70 87.94 63.43 
-101.79 -114.34 -8.06 -104.10 61.63 112.43 -179.36 2.06 -191.39 71.91 
87.24 77.05 177.22 -133.16 -9.09 40.59 -85.00 103.61 204.17 247.24 
-37.70 118.22 71.17 -182.12 -121.58 5.88 -49.63 -39.22 -101.90 -172.68 
27.53 -55.18 105.96 24.41 60.60 69.80 -18.94 148.34 -263.66 2.88 
-73.27 74.31 41.58 -63.45 -3.99 -59.32 -185.38 -44.65 145.84 21.26 
-37.66 -41.32 -130.17 -20.76 -126.21 24.52 18.57 -30.47 -51.26 -117.88 
80.74 -61.75 -60.71 238.38 -62.79 63.06 240.12 -58.50 -48.23 -47.88 

Vetor V
-44.15 -2.87 203.92 -339.25 -372.24 199.43 -192.30 -17.73 -7.39 -126.85 

E
-699.44

####### AxB_15 #######
Matriz A
-4.10 -6.46 -9.63 -3.20 -8.27 4.41 -4.97 -5.33 2.85 8.97 
-0.47 4.78 -5.33 2.82 4.72 -2.63 0.54 2.20 4.05 -3.35 
2.75 -6.63 -7.71 4.59 3.73 2.05 0.84 -3.34 1.61 8.66 
7.54 -1.32 -4.80 6.67 6.33 -0.53 -4.69 -8.61 9.15 -0.99 
-7.74 8.89 -7.97 -4.40 3.17 -4.40 -1.01 7.94 6.22 -9.14 
0.19 -4.02 2.49 -4.87 -1.28 -7.64 -1.08 -9.83 8.33 -7.80 
4.31 1.00 3.23 -2.24 -6.57 -6.94 -3.17 5.16 3.23 -6.35 
4.51 7.53 4.89 4.22 3.57 -9.75 5.19 -4.37 -6.95 -5.64 
-5.44 1.61 1.99 -2.09 -3.10 -1.92 -2.85 3.21 -4.42 5.30 
-2.23 -6.79 2.28 -1.78 2.68 6.17 4.94 -9.05 -8.81 -0.53 

Matriz B
5.59 -6.37 9.99 -2.98 9.51 6.83 3.55 -4.11 -8.35 -7.69 
-0.68 -6.80 -6.24 8.21 9.19 3.25 -4.31 0.95 -5.12 9.90 
-2.10 -3.05 -6.24 -9.26 -0.70 -5.95 -3.76 6.45 -3.97 -6.54 
4.15 -8.06 2.01 -7.74 -4.78 -0.25 2.16 3.58 7.20 0.19 
-6.21 9.08 -3.88 7.69 2.57 7.77 -3.40 3.45 -0.78 -2.68 
-3.67 4.25 1.89 -7.98 -3.23 -2.97 6.34 2.14 -8.61 -2.79 
-3.94 3.69 -7.13 -4.78 -2.45 -1.30 -1.06 0.27 -4.42 -5.32 
-9.94 4.68 -7.67 -8.36 5.07 8.86 -5.88 -7.21 -6.23 7.61 
-0.00 3.58 7.78 2.34 8.55 -2.42 -2.62 -3.62 7.81 8.34 
6.49 0.01 2.91 -6.40 -8.64 9.41 -4.26 -4.24 -2.83 3.60 

Matriz C
154.37 35.87 218.03 -8.09 -179.80 -31.51 89.59 -93.21 103.03 81.75 
-48.38 22.45 -17.84 135.40 123.74 65.28 -38.71 -23.33 64.90 116.60 
110.53 49.99 172.94 -42.18 -128.40 111.77 55.20 -51.88 59.24 -36.49 
141.08 -47.80 269.14 134.57 103.66 23.21 75.87 13.27 159.14 -21.70 
-188.64 114.32 -144.43 274.90 231.94 32.85 -106.98 -66.66 83.93 287.37 
65.69 -6.56 117.39 188.94 99.21 -191.87 24.38 46.76 193.97 -61.39 
-6.41 -91.25 14.21 7.87 180.56 -34.14 -36.05 -64.30 19.88 52.39 
27.33 -164.12 -130.21 107.25 83.60 0.10 -37.24 108.70 -18.11 -112.81 
-4.34 -13.09 -95.88 -38.81 -90.43 31.09 -66.73 -15.95 -23.74 79.83 
7.74 62.66 -32.34 -50.24 -218.47 -118.19 112.25 134.22 -56.46 -260.25 

Vetor V
258.97 -37.54 371.00 709.60 205.60 -111.40 71.59 -12.38 585.78 125.29 

E
2166.51

####### AxB_16 #######
Matriz A
-4.36 -8.39 4.81 5.08 6.73 8.44 -0.88 -0.72 -6.26 2.07 
6.63 2.80 -4.14 -7.69 2.44 -5.93 -7.98 3.23 -0.86 -8.69 
-6.11 -2.05 7.42 -1.49 -8.07 -9.25 2.01 -1.26 -9.04 4.75 
-9.81 -6.13 8.32 5.37 -2.20 0.63 6.60 7.09 5.43 -4.98 
8.93 -6.84 1.70 -2.47 1.89 9.18 9.51 5.99 -2.36 -2.46 
-2.77 2.60 -8.89 -4.09 -0.29 -4.89 9.01 -5.36 -7.38 -8.54 
3.69 7.90 3.77 9.23 -7.92 1.69 1.31 -5.03 -0.27 -3.63 
-2.91 5.65 4.29 6.20 -0.98 -9.85 -6.44 8.46 -3.33 -5.25 
3.20 -9.07 -5.88 7.13 -4.93 -4.03 9.90 -3.89 0.38 6.76 
-9.41 -7.33 -7.54 0.20 -2.66 -6.93 5.58 -6.97 -6.32 -1.81 

Matriz B
8.56 9.58 3.21 3.66 8.99 9.77 2.05 7.65 1.46 1.29 
-9.08 -3.73 4.82 3.10 -2.26 -5.77 7.62 -0.42 -5.34 8.08 
3.49 3.67 -0.11 -9.45 2.48 -9.98 9.50 -0.32 0.89 7.70 
-8.19 -1.02 -6.69 6.67 7.00 1.65 -5.49 3.44 -2.28 -9.37 
3.02 -4.85 -5.65 -8.03 6.01 -8.26 4.97 -9.89 -8.78 -9.42 
-4.22 -8.74 7.32 -3.35 -3.10 6.23 7.59 -5.20 -0.87 -5.65 
-6.14 -1.91 -8.41 9.32 -7.48 8.02 5.10 -7.75 6.66 1.87 
4.80 -0.62 2.87 -2.21 6.17 7.90 -9.97 -2.27 -8.24 -4.73 
-9.97 7.45 6.90 1.17 -3.31 1.32 4.77 -7.50 4.29 -1.02 
4.77 0.82 -0.00 8.39 -5.17 4.75 -1.81 -7.98 4.30 4.90 

Matriz C
72.98 -147.22 -103.05 -132.42 53.70 -47.99 11.53 -85.46 -53.18 -176.77 
143.88 85.42 99.93 -134.38 149.62 -60.75 -56.34 161.43 -128.51 9.97 
113.47 31.34 -125.35 37.81 -79.59 -98.55 -88.70 91.71 96.34 217.15 
-136.94 -21.53 -78.53 -71.74 -29.14 -20.09 -25.53 -106.41 19.76 -82.41 
113.83 -11.06 -10.52 -15.00 51.92 256.04 56.94 -54.25 25.40 -97.38 
-73.29 -96.41 -144.26 88.90 -99.93 -8.55 -6.78 60.63 26.08 25.55 
-180.44 29.57 17.56 114.42 15.27 -2.81 88.48 157.25 46.98 84.92 
14.90 29.25 -35.16 -78.12 178.29 -161.03 -159.40 153.81 -177.03 7.33 
-18.05 86.64 -173.94 297.83 -66.80 250.94 -133.80 -0.28 207.09 -42.38 
-34.07 -72.12 -212.28 104.83 -134.30 -22.52 -142.61 30.96 107.32 -26.11 

Vetor V
16.26 -86.11 -765.60 212.13 39.03 84.69 -456.20 409.39 170.27 -80.13 

E
-456.27

####### AxB_16 #######
Matriz A
-4.36 -8.39 4.81 5.08 6.73 8.44 -0.88 -0.72 -6.26 2.07 
6.63 2.80 -4.14 -7.69 2.44 -5.93 -7.98 3.23 -0.86 -8.69 
-6.11 -2.05 7.42 -1.49 -8.07 -9.25 2.01 -1.26 -9.04 4.75 
-9.81 -6.13 8.32 5.37 -2.20 0.63 6.60 7.09 5.43 -4.98 
8.93 -6.84 1.70 -2.47 1.89 9.18 9.51 5.99 -2.36 -2.46 
-2.77 2.60 -8.89 -4.09 -0.29 -4.89 9.01 -5.36 -7.38 -8.54 
3.69 7.90 3.77 9.23 -7.92 1.69 1.31 -5.03 -0.27 -3.63 
-2.91 5.65 4.29 6.20 -0.98 -9.85 -6.44 8.46 -3.33 -5.25 
3.20 -9.07 -5.88 7.13 -4.93 -4.03 9.90 -3.89 0.38 6.76 
-9.41 -7.33 -7.54 0.20 -2.66 -6.93 5.58 -6.97 -6.32 -1.81 

Matriz B
8.56 9.58 3.21 3.66 8.99 9.77 2.05 7.65 1.46 1.29 
-9.08 -3.73 4.82 3.10 -2.26 -5.77 7.62 -0.42 -5.34 8.08 
3.49 3.67 -0.11 -9.45 2.48 -9.98 9.50 -0.32 0.89 7.70 
-8.19 -1.02 -6.69 6.67 7.00 1.65 -5.49 3.44 -2.28 -9.37 
3.02 -4.85 -5.65 -8.03 6.01 -8.26 4.97 -9.89 -8.78 -9.42 
-4.22 -8.74 7.32 -3.35 -3.10 6.23 7.59 -5.20 -0.87 -5.65 
-6.14 -1.91 -8.41 9.32 -7.48 8.02 5.10 -7.75 6.66 1.87 
4.80 -0.62 2.87 -2.21 6.17 7.90 -9.97 -2.27 -8.24 -4.73 
-9.97 7.45 6.90 1.17 -3.31 1.32 4.77 -7.50 4.29 -1.02 
4.77 0.82 -0.00 8.39 -5.17 4.75 -1.81 -7.98 4.30 4.90 

Matriz C
72.98 -147.22 -103.05 -132.42 53.70 -47.99 11.53 -85.46 -53.18 -176.77 
143.88 85.42 99.93 -134.38 149.62 -60.75 -56.34 161.43 -128.51 9.97 
113.47 31.34 -125.35 37.81 -79.59 -98.55 -88.70 91.71 96.34 217.15 
-136.94 -21.53 -78.53 -71.74 -29.14 -20.09 -25.53 -106.41 19.76 -82.41 
113.83 -11.06 -10.52 -15.00 51.92 256.04 56.94 -54.25 25.40 -97.38 
-73.29 -96.41 -144.26 88.90 -99.93 -8.55 -6.78 60.63 26.08 25.55 
-180.44 29.57 17.56 114.42 15.27 -2.81 88.48 157.25 46.98 84.92 
14.90 29.25 -35.16 -78.12 178.29 -161.03 -159.40 153.81 -177.03 7.33 
-18.05 86.64 -173.94 297.83 -66.80 250.94 -133.80 -0.28 207.09 -42.38 
-34.07 -72.12 -212.28 104.83 -134.30 -22.52 -142.61 30.96 107.32 -26.11 

Vetor V
16.26 -86.11 -765.60 212.13 39.03 84.69 -456.20 409.39 170.27 -80.13 

E
-912.53

####### AxB_17 #######
Matriz A
4.13 6.14 -1.65 6.64 3.90 1.40 6.29 -1.25 -7.17 -3.45 
8.45 0.18 3.45 -9.57 5.52 -9.64 -9.01 -7.84 -1.95 -0.82 
-5.78 -1.31 2.68 -0.50 -9.91 7.70 -7.75 2.74 3.91 2.92 
8.77 -8.39 0.80 5.92 -1.55 0.25 -6.95 3.47 9.39 6.65 
-9.14 2.87 7.80 -8.71 -8.47 4.26 -6.37 -3.62 -7.73 8.71 
3.50 -9.45 1.37 -8.34 7.98 -2.81 4.07 3.34 -5.69 6.09 
-0.93 6.95 -0.55 1.66 -8.12 9.76 -2.17 9.59 -4.48 5.82 
-7.33 8.67 9.29 6.19 7.00 2.56 9.47 6.35 2.06 4.50 
-1.35 7.17 -2.76 7.31 8.63 5.09 9.78 7.83 -4.58 -3.89 
7.87 -4.36 8.46 7.49 0.15 9.95 -8.34 2.80 4.23 6.46 

Matriz B
-1.69 7.77 -7.56 9.78 4.80 4.08 -0.68 7.81 -1.99 0.04 
-4.33 -7.54 3.29 -8.37 -6.51 8.47 -3.85 -6.83 0.94 -8.48 
9.86 -1.02 9.62 -7.81 -5.60 8.10 8.30 -5.29 -2.81 -1.86 
-5.53 -3.42 6.47 -3.31 6.29 -2.28 2.85 -6.71 7.63 -8.77 
0.24 1.90 8.85 -5.66 3.25 4.43 7.74 1.15 -6.23 2.72 
5.19 8.71 -7.75 6.77 8.64 7.94 5.51 -8.55 6.81 -0.76 
8.83 -5.33 -2.93 -8.54 -3.04 2.02 4.68 4.42 3.38 0.39 
8.70 1.18 0.91 9.88 7.86 9.12 3.25 6.48 0.49 2.71 
4.84 9.39 3.71 2.27 6.64 0.82 0.89 2.15 1.67 -4.85 
-4.77 9.78 -7.13 3.42 1.03 2.21 -4.21 -1.14 6.33 2.19 

Matriz C
-51.93 -151.70 18.16 -126.83 -24.48 56.55 50.20 -44.77 24.92 -71.24 
-130.12 32.48 49.42 -18.38 -153.50 -59.44 -81.40 105.61 -242.14 81.57 
42.62 121.99 -66.56 155.50 71.02 24.40 -40.66 -135.67 113.26 -30.70 
-19.87 303.92 -52.62 278.31 244.20 -7.18 -1.66 82.30 64.93 -10.60 
-18.53 -7.53 -86.16 -37.84 -203.19 33.39 -92.13 -198.13 33.21 55.17 
90.37 104.64 -79.35 72.19 2.22 24.87 67.09 194.25 -107.74 226.28 
20.41 42.57 -155.19 166.58 79.97 180.62 -42.51 -119.46 166.37 -42.40 
174.55 -97.00 209.06 -257.66 -20.41 244.68 182.48 -138.68 84.73 -107.52 
82.95 -149.94 80.68 -120.10 77.70 173.66 149.60 -39.01 58.48 -61.50 
39.63 297.38 -23.16 219.69 234.45 152.73 105.62 -105.66 101.58 -53.32 

Vetor V
230.07 496.81 -105.72 331.46 307.97 824.27 296.64 -399.21 297.60 -14.25 

E
2265.65

####### AxB_19 #######
Matriz A
4.72 -1.44 1.30 -2.72 4.32 3.74 -2.57 2.86 -6.66 -8.26 
6.95 5.94 -6.58 4.28 2.74 6.50 -1.67 9.77 7.25 6.82 
3.67 5.86 -5.86 1.55 9.84 6.08 -8.31 3.00 2.02 5.48 
3.63 -7.31 -5.68 7.28 -8.11 2.86 -4.82 5.79 5.51 1.38 
1.34 8.85 3.36 -9.73 4.62 5.02 -0.68 -8.44 -4.24 5.41 
2.56 7.00 -2.12 5.63 8.80 1.66 -0.67 -1.27 8.98 6.24 
-1.27 -4.05 -8.41 3.89 6.87 5.72 0.96 8.82 2.43 10.00 
-0.53 -6.75 -9.49 5.35 6.68 -5.64 -0.33 -5.96 0.91 1.68 
9.51 6.20 -1.18 7.24 -9.13 -9.40 4.70 1.15 -8.00 -0.86 
0.28 8.77 6.29 7.02 -4.01 6.25 5.40 -3.77 3.40 -3.18 

Matriz B
-0.75 9.47 -8.86 2.50 8.04 -4.18 -8.47 6.14 -4.18 -8.56 
-7.04 -4.90 -3.11 2.56 7.35 3.46 -5.79 -2.10 4.94 -1.98 
-6.87 -7.25 -8.07 9.88 7.56 3.74 -6.49 1.74 -3.81 -6.39 
-4.11 4.06 6.58 -5.00 1.10 -0.06 4.72 6.50 -4.29 3.84 
7.77 4.58 7.55 -8.53 -8.35 -1.54 -2.73 -1.89 4.35 -1.13 
1.59 -5.06 1.21 -8.71 -9.17 -8.46 1.46 9.43 -0.26 7.52 
1.17 5.10 8.89 -4.56 -6.94 8.63 -0.28 -8.10 -5.23 3.10 
-5.20 -0.13 8.32 5.19 1.77 -9.29 -7.73 7.18 6.75 -6.94 
7.85 -5.80 -8.82 -4.88 -1.17 -3.52 5.43 -6.08 4.65 -0.55 
-2.16 7.93 2.49 5.98 -9.90 -5.15 4.59 -4.29 -4.38 0.57 

Matriz C
-3.96 -8.21 10.53 -25.20 76.30 -40.75 -154.71 160.97 35.65 -61.92 
1.63 83.70 49.24 -70.09 -75.10 -258.39 -32.73 113.02 95.75 -40.07 
54.70 58.09 35.31 -101.99 -101.57 -218.58 -22.39 101.90 119.61 -9.59 
3.90 42.97 -13.30 -24.50 5.61 -195.74 101.97 158.57 -13.03 20.95 
-4.40 -33.66 -114.98 37.06 -52.91 48.19 -68.37 -81.67 -10.98 6.58 
74.08 54.22 -2.04 -124.34 -96.38 -80.07 43.93 -52.11 55.01 7.29 
86.46 156.06 261.49 -135.17 -301.99 -233.07 87.39 50.19 51.07 68.95 
168.18 184.85 124.72 -170.79 -149.75 21.14 162.76 -89.49 -29.03 89.92 
-219.74 166.78 -6.91 169.98 270.80 132.90 -121.01 41.51 -123.21 -108.21 
-95.75 -124.32 -78.30 -49.83 81.51 91.61 -9.27 28.55 -54.95 57.75 

Vetor V
65.10 580.48 265.76 -494.87 -343.49 -732.76 -12.44 431.45 125.89 31.66 

E
-83.22

####### AxB_20 #######
Matriz A
9.23 -8.55 -9.35 -0.91 8.53 9.57 -3.23 5.77 3.15 8.10 
-5.15 -0.64 -2.55 4.77 -0.22 -5.90 -7.68 -0.43 -1.14 4.19 
1.33 -1.27 -6.19 -2.00 -3.72 9.93 5.90 -4.81 3.61 2.44 
-4.38 -1.29 -5.70 -0.57 -9.69 -7.01 -6.73 -8.85 -3.55 -2.91 
-4.02 1.64 -9.97 -7.49 0.06 1.64 -0.77 -8.80 3.42 -8.18 
8.64 -7.80 -2.90 -9.35 -2.11 -6.99 9.47 -2.43 -8.83 6.57 
8.38 -1.96 6.38 -2.01 3.34 -4.44 -7.46 -3.06 7.33 0.22 
-7.16 8.98 -2.66 -1.05 1.64 -9.29 3.42 7.79 9.49 -7.78 
1.15 -6.77 -9.81 9.60 -3.85 3.67 3.29 -0.67 4.21 2.62 
3.73 5.71 0.78 -4.54 6.74 5.19 6.35 -7.47 -0.78 2.63 

Matriz B
4.89 2.83 9.42 4.42 9.04 -4.32 -5.27 -8.89 1.75 6.19 
-0.81 0.23 3.76 -1.07 -2.30 6.29 -9.59 -9.87 0.46 -5.84 
-5.29 -2.67 8.84 -1.36 -8.12 2.89 -0.39 2.62 3.96 9.99 
1.41 -4.70 -1.07 -4.36 8.47 4.31 0.87 -5.15 4.84 6.59 
2.80 -7.57 -7.05 1.24 -5.50 -5.26 5.64 8.85 -1.56 8.96 
4.60 0.16 9.53 4.01 -5.32 -3.61 -8.96 -7.42 -0.42 -4.87 
-9.65 -5.77 0.30 -4.56 -6.75 -2.93 0.60 0.90 -7.25 -8.82 
4.70 0.56 2.97 -9.42 0.37 4.52 9.43 -5.36 7.77 7.14 
4.81 -3.61 -8.05 -3.28 0.34 -3.20 -0.67 -0.85 0.02 4.73 
4.31 -8.26 2.53 -8.37 -9.44 -9.72 -0.91 9.67 -5.74 4.97 

Matriz C
276.50 -66.05 15.49 -2.17 22.04 -257.28 41.56 28.82 -24.72 162.33 
52.46 -16.03 -117.04 -55.60 60.36 37.35 78.33 99.56 34.77 84.68 
21.06 -10.77 40.63 45.72 -47.51 -130.82 -150.57 -60.19 -124.90 -198.24 
-56.67 148.17 -101.47 102.19 163.83 87.52 -37.13 22.19 -18.87 -168.05 
-23.83 105.37 -171.21 177.00 48.67 -8.60 -89.82 -15.17 -98.57 -271.39 
-104.30 10.80 68.02 14.28 -40.65 -173.07 55.70 166.51 -164.41 -86.41 
88.72 2.73 -5.52 62.52 66.32 -57.86 -9.43 40.00 55.15 245.07 
-52.11 -5.43 -228.08 -123.27 24.20 170.56 120.46 -65.07 57.91 -38.64 
79.28 -43.70 -77.76 -50.67 142.83 -79.13 6.90 -51.54 -33.03 -41.32 
-42.97 -78.80 62.95 80.24 -159.60 -127.14 -155.66 28.90 -141.62 -97.23 

Vetor V
238.14 46.29 -513.99 250.24 280.48 -538.48 -139.65 194.01 -458.28 -409.19 

E
-1050.45

####### AxB_21 #######
Matriz A
9.41 -5.00 5.13 5.74 -5.38 7.08 -7.20 8.32 -4.95 7.62 
7.85 -0.40 -0.84 -0.79 -0.91 -4.44 -6.50 -4.53 -3.22 -4.20 
7.31 8.92 -5.43 -3.87 7.70 -6.38 4.79 3.99 3.28 1.09 
1.49 9.71 -3.68 0.19 4.13 4.10 -8.59 3.97 7.31 -7.12 
5.79 -7.60 4.47 -0.59 -8.83 -3.01 -0.32 0.38 3.79 -7.74 
-0.00 5.95 -1.43 -3.75 -1.86 9.26 -0.24 -4.29 6.31 -8.98 
9.99 -2.82 -5.02 0.82 4.12 4.98 9.46 -2.62 2.75 -6.81 
-2.21 -3.36 9.09 -8.12 1.13 2.60 5.59 6.78 4.73 5.51 
-3.98 4.44 -6.00 -1.26 -0.15 -8.69 2.49 2.31 -3.98 -3.79 
-9.89 9.97 -1.36 0.71 5.74 7.69 7.81 -8.00 4.65 -6.58 

Matriz B
2.35 -0.81 -6.83 4.65 -1.97 2.52 8.78 6.61 6.41 9.72 
7.77 -8.57 -2.31 -9.08 -3.21 7.44 3.78 7.34 -2.41 -3.63 
6.63 -6.13 -9.14 -9.13 -7.38 -5.98 -2.43 4.13 6.82 8.15 
7.97 1.35 -3.23 5.49 1.75 -8.07 5.71 1.09 -7.42 -5.01 
